=== Radiative factor delta_RC = Sig_Rad / Sig_Born ===

  xB_min   xB_max   Q2_min   Q2_max  delta_RC_LD2  delta_RC_C  delta_RC_Cu  delta_RC_Sn
0.100000 0.150000 1.000000 1.500000      1.165191    1.169391     1.160913     1.157257
0.100000 0.150000 1.500000 2.000000      1.326402    1.338017     1.320171     1.314428
0.100000 0.150000 2.000000 3.000000      1.468526    1.483999     1.457364     1.449601
0.150000 0.200000 1.000000 1.500000      1.059596    1.059783     1.055358     1.053337
0.150000 0.200000 1.500000 2.000000      1.108750    1.109164     1.103993     1.101787
0.150000 0.200000 2.000000 3.000000      1.217988    1.219921     1.210935     1.207627
0.150000 0.200000 3.000000 4.500000      1.364402    1.369970     1.355244     1.349802
0.200000 0.300000 1.000000 1.500000      1.011470    1.009054     1.004975     1.003310
0.200000 0.300000 1.500000 2.000000      1.017724    1.016296     1.013083     1.011879
0.200000 0.300000 2.000000 3.000000      1.056246    1.054490     1.050934     1.049454
0.200000 0.300000 3.000000 4.500000      1.132905    1.130309     1.125595     1.123852
0.200000 0.300000 4.500000 6.500000      1.173014    1.169243     1.164166     1.162496
0.300000 0.400000 1.000000 1.500000      0.973387    0.968487     0.963973     0.961988
0.300000 0.400000 1.500000 2.000000      0.968193    0.964426     0.960613     0.959038
0.300000 0.400000 2.000000 3.000000      0.977694    0.974681     0.971661     0.970617
0.300000 0.400000 3.000000 4.500000      1.015398    1.012406     1.009252     1.007953
0.300000 0.400000 4.500000 6.500000      1.066542    1.062682     1.059394     1.058171
0.400000 0.550000 2.000000 3.000000      0.946251    0.941070     0.938322     0.937242
0.400000 0.550000 3.000000 4.500000      0.951443    0.950129     0.947997     0.947133
0.400000 0.550000 4.500000 6.500000      0.983121    0.981114     0.979005     0.978016